name MUeG MUhG krG ETA dG n_M_eff e_A_eff e_D_eff Pb Pc Nb Nc n 
MorphParamSet19Fields_sv45_MorphoDesc 0.022905 0.135026 0.685009 .925899 31103 0 0 1583.32 2373.8 4016 2747 37888 
MorphParamSet19Fields_sv89_MorphoDesc 0.171255 0.298231 0.518711 .852432 24123 8 6 2140.71 6030.71 6196 7566 37888 
MorphParamSet20Fields_sv54_MorphoDesc 0.031907 0.310627 0.479461 .866741 22603 1 1 2507.01 6805.15 5738 8481 36864 
MorphParamSet20Fields_sv80_MorphoDesc 0.186638 0.466234 0.340834 .798341 16638 26 12 3431.98 9948.44 7737 13226 37632 
MorphParamSet20Fields_sv99_MorphoDesc 0.358485 0.571725 0.264618 .746316 12615 114 107 4183.63 11432.3 9285 15927 37888 
MorphParamSet21Fields_sv193_MorphoDesc 0.869124 0.904732 0.024374 .313625 102 559 547 2749.59 5433.15 4663 21651 39168 
MorphParamSet21Fields_sv65_MorphoDesc 0.092550 0.521957 0.280240 .815085 15316 97 53 5591.38 13494.1 9192 17698 42496 
MorphParamSet24Fields_sv125_MorphoDesc 0.727959 0.575571 0.073304 .505187 3481 738 778 5815.61 8833.04 13748 18658 37376 
MorphParamSet24Fields_sv56_MorphoDesc 0.132150 0.286629 0.370270 .866960 21456 60 76 4220.5 5613.84 7727 6909 36096 
MorphParamSet26Fields_sv101_MorphoDesc 0.000000 0.414379 0.000000 0 0 0 0 0 0 0 0 37888 
MorphParamSet26Fields_sv210_MorphoDesc 0.000000 0.603385 0.000000 0 0 0 0 0 0 0 0 37888 
MorphParamSet32Fields_sv46_MorphoDesc 0.024757 0.248183 0.611621 .958930 28425 18 8 41.0693 7468.9 45 9004 37632 
MorphParamSet32Fields_sv80_MorphoDesc 0.241667 0.510830 0.277280 .810102 14408 103 77 4266.83 11503.9 7088 15757 37376 
